20227341 454.20
20218255 891.30
20221316 282.30
20198237 993.30
20229400 282.30
20202756 362.00
20216298 556.70
20225162 454.20
20197480 666.90
20238549 891.30
20205830 362.00
20205844 993.30
20193373 282.30
20198922 891.30
20209968 891.30
20193769 666.90
20226271 362.00
20239652 454.20
20194050 666.90
20195340 556.70
20236102 454.20
20202031 362.00
20195979 666.90
20224223 556.70
20218679 993.30
20207053 556.70
20202687 780.30
20236453 556.70
20193984 891.30
20198845 454.20
20233583 993.30
20227724 362.00
20226455 556.70
20207741 891.30
20236905 780.30
20197557 891.30
20235440 282.30
20197155 780.30
20193891 454.20
20218376 454.20
20196536 454.20
20224165 556.70
20219566 362.00
20192298 556.70
20198069 891.30
20229272 282.30
20222575 891.30
20193573 556.70
20198434 780.30
20193012 666.90
20198608 780.30
20231938 891.30
20208175 454.20
20237059 282.30
20208971 556.70
20216619 780.30
20197374 780.30
20233816 282.30
20221873 780.30
20211892 282.30
20212697 780.30
20205864 891.30
20219990 362.00
20197378 454.20
20208940 556.70
20215248 780.30
20213075 362.00
20191754 666.90
20195244 780.30
20196245 282.30
20231152 666.90
20217328 362.00
20193490 780.30
20238246 282.30
20195764 362.00
0
109263 4.25
231270 5.75
231289 3.00
375241 5.75
231206 2.75
109246 4.75
481220 3.75
109248 3.25
375218 3.25
481247 3.75
481227 4.00
231209 3.75
481239 4.25
481229 3.75
109245 4.25
231283 3.75
109250 4.75
481248 4.00
109282 4.25
375781 4.75
231292 2.75
481218 5.25
231286 3.25
481230 3.75
109220 3.25
109239 4.25
375219 2.25
481203 4.25
109281 3.25
481219 3.25
231373 2.75
109238 5.00
481208 3.75
231269 4.75
0
20227341   231270
20218255    231269
20221316  375241
20198237    375218
20229400   231206
20202756    109239
20216298     109281
20225162     481208
20197480   481248
20238549     481229
20205830    109246
20205844  231206
20193373     231209
20198922   481220
20209968  231289
20193769  109281
20226271   109248
20239652    481230
20194050   481248
20195340     481247
20236102    231373
20202031   375781
20195979     481218
20224223     109248
20218679  481248
20207053    109246
20202687     481230
20236453   109281
20193984     375241
20198845   231269
20233583     375218
20227724    481248
20226455     231209
20207741   109246
20236905  231292
20197557  109220
20235440     231209
20197155  375781
20193891    481230
20218376     231283
20196536     481229
20224165  231292
20219566   375219
20192298  109250
20198069   481227
20229272   231286
20222575   231292
20193573  231269
20198434   481219
20193012  231283
20198608    481208
20231938     109220
20208175     375781
20237059  231292
20208971   109281
20216619     109220
20197374  109246
20233816  481218
20221873   375781
20211892  481203
20212697     231283
20205864   375219
20219990   231270
20197378    481229
20208940     481229
20215248   481227
20213075   231292
20191754     109246
20195244     481218
20196245  231373
20231152    231206
20217328  481247
20193490  481248
20238246   231283
20195764    481208
20227341    231292
20218255    109248
20221316    109263
20198237   231373
20229400  481227
20202756     375241
20216298   231269
20225162    231206
20197480   481239
20238549  109220
20205830  109282
20205844   109246
20193373    109281
20198922   481247
20209968   481248
20193769   231289
20226271    109250
20239652     109239
20194050   231292
20195340    231289
20236102    481208
20202031    481230
20195979     375218
20224223   481220
20218679     231209
20207053    231286
20202687  231206
20236453   231292
20193984     109250
20198845    109220
20233583   109282
20227724   109239
20226455    231269
20207741   481248
20236905  231269
20197557    481227
20235440  481229
20197155  109282
20193891  375218
20218376  231270
20196536  481247
20224165   375219
20219566     109220
20192298     231286
20198069     231292
20229272    231286
20222575     231209
20193573    481219
20198434   231269
20193012    481248
20198608   231283
20231938  231269
20208175  109281
20237059    109220
20208971     109238
20216619     231270
20197374     481227
20233816   109239
20221873    109263
20211892    481208
20212697  481218
20205864   109239
20219990  375781
20197378    481227
20208940   231270
20215248    481203
20213075   109238
20191754   231286
20195244     109246
20196245   481247
20231152  481239
20217328  231286
20193490     375241
20238246     481218
20195764    109248
20227341    481220
20218255    375241
20221316    481220
20198237     109238
20229400    375781
20202756   109250
20216298     109281
20225162    481208
20197480   109239
20238549     109282
20205830  109263
20205844  481203
20193373     481247
20198922    481203
20209968  375241
20193769     109220
20226271  109282
20239652   481248
20194050   231286
20195340     109263
20236102     375781
20202031   231292
20195979    231270
20224223   109282
20218679   481239
20207053    375241
20202687   375219
20236453  231270
20193984  231209
20198845   375781
20233583    481208
20227724     481230
20226455   481227
20207741  109282
20236905     481203
20197557     481203
20235440  481208
20197155    481218
20193891   481203
20218376  231270
20196536    231206
20224165    109238
20219566   231292
20192298    109245
20198069   109246
20229272     231209
20222575   375218
20193573    109248
20198434     231269
20193012    481230
20198608    231209
20231938    481230
20208175     481227
20237059   481219
20208971    231206
20216619   109246
20197374   231283
20233816     109239
20221873     231283
20211892   231269
20212697     481203
20205864    109220
20219990   109238
20197378   231286
20208940   481229
20215248    481208
20213075    481227
20191754   109250
20195244    481219
20196245   109248
20231152     481208
20217328     231373
20193490  109238
20238246     109246
20195764    231373
20207053   481219
20202687  231270
20236453  375218
20193984    109246
20198845    109282
20233583     109246
20227724  375219
20226455   481227
20207741   231292
20236905     481219
20197557  481208
20235440     375241
20197155     109245
20193891  375781
20218376  109282
20196536    109282
20224165    481227
20219566    231206
20192298     375219
20198069   109220
20229272     231373
20222575   481229
20193573     375218
20198434  375218
20193012   375219
20198608  109220
20231938     481227
20208175     231269
20237059     481208
20208971     109220
20216619     231270
20197374  231289
20233816    231292
20221873     109246
20211892  481230
20212697     375219
20205864    481227
20219990   109220
20197378    231206
20208940     109281
20215248  481239
20213075     375218
20191754  481208
20195244     481239
20196245     109239
20231152  109246
20217328  231270
20193490    481227
20238246  231269
20195764   231289
20207053    109263
20202687    109239
20236453   481248
20193984  231269
20198845  375781
20233583    481230
20227724     375781
20226455  109281
20207741  109239
20236905     481208
20197557     109239
20235440    375219
20197155   109250
20193891    481247
20218376   109246
20196536     109238
20224165     109238
20219566   375218
20192298  231209
20198069   231292
20229272   481248
20222575    231269
20193573     109281
20198434    481247
20193012    481248
20198608  231270
20231938   109239
20208175   231286
20237059   375218
20208971     481220
20216619     109245
20197374  109282
20233816    109245
20221873  481203
20211892   481219
20212697     231270
20205864    109250
20219990     109245
20197378     375781
20208940     481208
20215248  375219
20213075     231270
20191754     231269
20195244   231269
20196245   481208
20231152  231292
20217328     481239
20193490    481239
20238246   231270
20195764  231292
20198608   481203
20231938   481227
20208175  231292
20237059    375241
20208971  481220
20216619  481219
20197374     481239
20233816    481219
20221873   481208
20211892  481239
20212697     481218
20205864     481218
20219990   109246
20197378  481218
20208940   109248
20215248    109263
20213075   481229
20191754  109263
20195244   231269
20196245  375241
20231152    375219
20217328     109246
20193490     481247
20238246     481247
20195764     375241
20215248  231270
20213075   481219
20191754   481219
20195244  109246
20196245     109250
20231152    231373
20217328    375781
20193490     109238
20238246     231270
20195764     231209
0